dataset	ref	pipeline	nTrials	nJoint	median	p90	max	fracAboveMDC	nanFlip	statusFlip	dsMedShift
Zarandi	v013	ALL	133	713	0.00161656563771545	0.00982664759029547	0.0436653909257083	0.00701262272089762	12	12	NaN
Zarandi	v013	BWFD-OLS	133	133	0.000930577076675876	0.00400450082438415	0.0174411649100297	0	0	0	0.0013805064552202
Zarandi	v013	SG-OLS	133	133	0.00103863713964364	0.00453409281454747	0.0176877065578425	0	0	0	0.001665335317317
Zarandi	v013	BWFD-LMLS	133	90	0.0038044908967122	0.0169343238053129	0.0420748368356778	0.0444444444444444	7	7	-0.0033153418734192
Zarandi	v013	SG-LMLS	133	91	0.00428055817560036	0.016869252969176	0.0436653909257083	0.010989010989011	5	5	-4.74237960136348e-05
Zarandi	v013	BWFD-IRLS	133	133	0.00161656563771545	0.0081430500069672	0.0223546934100933	0	0	0	0.00404599452803761
Zarandi	v013	SG-IRLS	133	133	0.00125320589659461	0.00861704967404642	0.0177450959271582	0	0	0	0.00193363080624975
Cook_CTRL	v013	ALL	94	408	0.00290922821163916	0.0115317448600733	0.053110160048041	0.017156862745098	8	8	NaN
Cook_CTRL	v013	BWFD-OLS	94	68	0.00239376733974138	0.0113177490867821	0.0212511663320499	0	2	2	-0.000147527754354004
Cook_CTRL	v013	SG-OLS	94	67	0.00328671805116082	0.0109983608681112	0.053110160048041	0.0149253731343284	0	0	-0.00319749129790958
Cook_CTRL	v013	BWFD-LMLS	94	67	0.00352357451356111	0.0134283162432673	0.0353432383047989	0.0298507462686567	2	2	-0.00211212892339235
Cook_CTRL	v013	SG-LMLS	94	68	0.00284061832129989	0.0149735322054149	0.0505705559458095	0.0294117647058824	2	2	0.00563447913837162
Cook_CTRL	v013	BWFD-IRLS	94	69	0.00312584956091747	0.00985291068520886	0.0378003916265418	0.0144927536231884	1	1	0.00662710270891442
Cook_CTRL	v013	SG-IRLS	94	69	0.00248381102322731	0.0112386694556418	0.033792304093357	0.0144927536231884	1	1	0.00405696204537426
Cook_ASD	v014	ALL	102	433	0.00191578617970489	0.0104115151779977	0.0537938876446712	0.0069284064665127	9	9	NaN
Cook_ASD	v014	BWFD-OLS	102	74	0.00234467814534224	0.0106403282876544	0.0249724227757041	0	1	1	-0.00023750856129845
Cook_ASD	v014	SG-OLS	102	74	0.00217858625370124	0.0127591721637536	0.0157696085463084	0	0	0	0.000750207704474815
Cook_ASD	v014	BWFD-LMLS	102	71	0.00238877742990251	0.0132327983712546	0.024695120917708	0	2	2	-0.000335668715579773
Cook_ASD	v014	SG-LMLS	102	67	0.00176331382443312	0.0091388338437604	0.0219682810688422	0	4	4	0.00116503966428849
Cook_ASD	v014	BWFD-IRLS	102	74	0.00151182936866252	0.00874872089511679	0.0537938876446712	0.0135135135135135	1	1	-0.000498257758787646
Cook_ASD	v014	SG-IRLS	102	73	0.00161106926235086	0.0088967383320407	0.0529894878455567	0.0273972602739726	1	1	0.000600527690721608
Hickman_PLAC	v013	ALL	359	1865	0.000798292919525989	0.0055392963723456	0.103957894059413	0.00375335120643432	14	16	NaN
Hickman_PLAC	v013	BWFD-OLS	359	292	0.000682284695400659	0.00547719247175543	0.0300772074602733	0.00342465753424658	2	2	0.000172219763114101
Hickman_PLAC	v013	SG-OLS	359	298	0.000725464940125986	0.00600137517423208	0.0481182684247041	0.00335570469798658	1	1	0.000710088625155869
Hickman_PLAC	v013	BWFD-LMLS	359	301	0.000972548760204361	0.00611637350823159	0.031529469769208	0.00332225913621262	3	3	-0.00121661567343179
Hickman_PLAC	v013	SG-LMLS	359	302	0.000974020238171974	0.00723857049094001	0.103957894059413	0.00993377483443709	3	4	-0.000859845817851534
Hickman_PLAC	v013	BWFD-IRLS	359	336	0.000646407029448792	0.00454668267011455	0.0332879384646757	0.00297619047619048	3	3	6.21824010808014e-05
Hickman_PLAC	v013	SG-IRLS	359	336	0.000713137142687781	0.00483621402511524	0.0277648022699674	0	2	3	-2.62245747906231e-05
Hickman_HALO	v013	ALL	338	1629	0.00113656973799697	0.00750817423733297	0.0665093563629272	0.00429711479435236	17	20	NaN
Hickman_HALO	v013	BWFD-OLS	338	260	0.00119558461319046	0.0072048152594423	0.0665093563629272	0.00384615384615385	3	3	-0.00028371074085809
Hickman_HALO	v013	SG-OLS	338	261	0.00108472671848225	0.00864652153462308	0.052479062728879	0.0114942528735632	3	5	0.000623765036295076
Hickman_HALO	v013	BWFD-LMLS	338	263	0.00142758751411709	0.00882583577917281	0.025967450450078	0	4	4	-0.00104137083728023
Hickman_HALO	v013	SG-LMLS	338	262	0.00127222210078019	0.00976288885951285	0.0463759219162725	0.00763358778625954	3	3	0.00254186583855309
Hickman_HALO	v013	BWFD-IRLS	338	290	0.000913177529801884	0.00525162011027285	0.0407124616006914	0.00344827586206897	2	3	0.00011659385179047
Hickman_HALO	v013	SG-IRLS	338	293	0.000987158553457546	0.00658099100078395	0.0288687749289294	0	2	2	0.000204129746837922
Dhieb	v014	ALL	90	77	0.003008103939524	0.0140380111609083	0.038494589219735	0.012987012987013	17	19	NaN
Dhieb	v014	BWFD-OLS	90	16	0.00559238477749305	0.0108659629217504	0.0165058783229988	0	5	5	-1.03944639723852e-05
Dhieb	v014	SG-OLS	90	13	0.00423887266618073	0.0105009396152197	0.0166442648395656	0	2	3	0.00615903787508554
Dhieb	v014	BWFD-LMLS	90	3	0.0203430014693848	0.038494589219735	0.038494589219735	0.333333333333333	3	3	0.0203430014693848
Dhieb	v014	SG-LMLS	90	2	0.0141860431546741	0.0257898417351697	0.0257898417351697	0	4	5	0.0116037985804956
Dhieb	v014	BWFD-IRLS	90	23	0.00166815089083855	0.00958873036549341	0.0270919506433436	0	1	1	0.00101002372809744
Dhieb	v014	SG-IRLS	90	20	0.00222605027799672	0.0130895459969959	0.0284768413757855	0	2	2	-0.00069054066928792
Fraser	v013	ALL	2829	15546	0.00367713238391819	0.012727704117617	0.119966791508742	0.0116428663321755	135	144	NaN
Fraser	v013	BWFD-OLS	2829	2702	0.00321741205785747	0.0108935793360485	0.0632485099942941	0.00444115470022206	8	9	0.000213167556535887
Fraser	v013	SG-OLS	2829	2700	0.00326192744070208	0.0107828600220742	0.119966791508742	0.00666666666666667	9	9	-4.34663157903858e-05
Fraser	v013	BWFD-LMLS	2829	2402	0.00427475040811265	0.0136818072376905	0.0623861186441476	0.0141548709408826	54	58	-0.000150125413766578
Fraser	v013	SG-LMLS	2829	2383	0.00432131328004431	0.0145072690340868	0.097629425840799	0.0184641208560638	45	48	6.73877230221165e-05
Fraser	v013	BWFD-IRLS	2829	2681	0.00361017815081399	0.0136162134499881	0.07524039067752	0.0130548302872063	5	5	0.00018646740226913
Fraser	v013	SG-IRLS	2829	2678	0.00364987369186087	0.0132630546174176	0.0763929061457823	0.0141896938013443	14	15	0.00133315626656488
