dataset	pipeline	verdict	riseCov	nInverted	semGrid	medSEMrec	medSDop	medSEMgen	fracSEMgenAdequate	medAmpl	p90Ampl	nSignMismatch	nOffCurve	medSEMgenCI	nZeroCI	verdictRep	riseCovRep	medSEMrecRep
Zarandi	BWFD-OLS	PASS	1	133	0.00732001346849415	0.0188753946259675	0.0186492033399224	0.0201457310564827	0.165413533834586	1.0282473341487	1.55676594615206	0	0	0.0224796078445513	0	PASS	1	0.0186449070790207
Zarandi	SG-OLS	PASS	1	133	0.00727847876930749	0.019256059914293	0.0190840728811255	0.022095497225481	0.157894736842105	1.03635710181495	1.49147126130575	0	0	0.0227535511627873	0	PASS	1	0.0189390242114432
Zarandi	BWFD-LMLS	FAIL	0.729323308270677	97	0.00933593317183726	0.0323000353109707	0.0594898970100232	0.0593842502161073	0	0.986900665388207	2.67023896918326	4	3	0.0544863122089851	0	FAIL	0.676691729323308	0.0307326481827992
Zarandi	SG-LMLS	FAIL	0.706766917293233	94	0.00947553387243718	0.0304501007579742	0.0614950775832759	0.0583762592624139	0	0.956154658343463	2.11464440514218	2	4	0.0415472351745795	0	FAIL	0.699248120300752	0.029416016433033
Zarandi	BWFD-IRLS	PASS	1	133	0.00790789774676807	0.0303350244993611	0.0316406677503709	0.0262210178711227	0.157894736842105	0.949308115965198	1.10285010563675	1	1	0.0272366024474516	0	PASS	1	0.0294530564014133
Zarandi	SG-IRLS	PASS	1	133	0.00789854755882141	0.032225165985659	0.0325070353839842	0.0268362252471761	0.135338345864662	0.922886324002859	1.13841260519711	1	1	0.0272516897442985	0	PASS	1	0.0302113741849645
Cook_CTRL	BWFD-OLS	FAIL	0.723404255319149	68	0.00451904184871673	0.0140454824337672	0.0145514121156473	0.0400608618090398	0	2.96997637020275	5.40447752826023	2	2	0.0414553662167339	0	FAIL	0.74468085106383	0.0145728698179844
Cook_CTRL	SG-OLS	FAIL	0.712765957446808	67	0.00475360600914088	0.0133461538942643	0.0145551031244944	0.0404572055266232	0	2.94684284725514	5.0395698260899	2	1	0.0396287748176255	0	FAIL	0.712765957446808	0.0138831364829176
Cook_CTRL	BWFD-LMLS	FAIL	0.723404255319149	68	0.00522803492884019	0.0101198472017024	0.0102386990234878	0.0497174119630912	0	4.89125406481158	8.8502231793211	0	1	0.051733923184678	0	FAIL	0.723404255319149	0.0102880135228079
Cook_CTRL	SG-LMLS	FAIL	0.723404255319149	68	0.00543509740126879	0.0100323933027155	0.00995372945277148	0.0474065406481262	0	5.11495972143379	7.81967766492009	1	3	0.0554773449660399	0	FAIL	0.74468085106383	0.0105750928740174
Cook_CTRL	BWFD-IRLS	FAIL	0.734042553191489	69	0.00478475562898027	0.0147878811504319	0.0143089617222252	0.0429917670887231	0	2.9896440142081	5.3789504754941	0	1	0.0468595727182066	0	FAIL	0.74468085106383	0.0145285114510762
Cook_CTRL	SG-IRLS	FAIL	0.734042553191489	69	0.00511209150176875	0.0153766451481355	0.0157085803836241	0.0459599606429188	0.0144927536231884	2.76724484558167	5.53025380896524	0	1	0.0487556127642743	0	FAIL	0.74468085106383	0.0150617542680387
Cook_ASD	BWFD-OLS	FAIL	0.735294117647059	75	0.00414269665127852	0.0138364686213681	0.01567668851454	0.0357089712255201	0.146666666666667	1.96358243034898	6.30050306132706	0	0	0.033877590262316	0	FAIL	0.725490196078431	0.014214677999499
Cook_ASD	SG-OLS	FAIL	0.725490196078431	74	0.00426415096804143	0.0137341456570664	0.0159122017710433	0.0354287655804836	0.148648648648649	1.86109490881404	5.52726843205067	0	0	0.0273392788548235	0	FAIL	0.725490196078431	0.0137248790007168
Cook_ASD	BWFD-LMLS	FAIL	0.696078431372549	71	0.00486244532540569	0.0124617739213185	0.0136476386718587	0.0415621529364115	0.0845070422535211	2.44247808030743	9.22962204742815	0	3	0.0419085461742342	0	FAIL	0.715686274509804	0.0130732748845348
Cook_ASD	SG-LMLS	FAIL	0.676470588235294	69	0.00491175368504437	0.0123470708415013	0.0138655237938844	0.0384625531470333	0.0869565217391304	2.27514246533926	7.03170655874868	0	0	0.0462467255046005	0	FAIL	0.676470588235294	0.0123922858924803
Cook_ASD	BWFD-IRLS	FAIL	0.725490196078431	74	0.00458409515455357	0.014115235730416	0.0137401488553617	0.0334071675935155	0.216216216216216	1.47876833453779	5.46696248605941	0	2	0.0262280700581435	0	FAIL	0.735294117647059	0.0134201745011151
Cook_ASD	SG-IRLS	FAIL	0.715686274509804	73	0.00456517432234449	0.0149050098120364	0.0137688810573294	0.0355488728746696	0.219178082191781	1.42857229922672	5.20780689242637	0	1	0.027026016480693	0	FAIL	0.725490196078431	0.0132727238618635
Dhieb	BWFD-OLS	FAIL	0.211111111111111	19	0.0170500916876881	0.0109597620107763	0.0114152699590703	0.0736315525864672	0	6.33769774600046	28.2012193096754	1	1	0.0528452547414432	0	FAIL	0.2	0.0101347936348904
Dhieb	SG-OLS	FAIL	0.144444444444444	13	0.0176711552541012	0.00828961486041925	0.00811308888034276	0.0603090293963727	0	4.70940511710034	21.3663364140133	0	0	0.038664838739684	0	FAIL	0.166666666666667	0.00917831320397708
Dhieb	BWFD-LMLS	FAIL	0.0454545454545455	5	0.0206777919422937	0.017152393485014	0.0153739033310387	0.0690755091271786	0	4.53105737472861	15.0656236171972	0	0	0.0511893962905053	0	FAIL	0.0454545454545455	0.0112520779407888
Dhieb	SG-LMLS	FAIL	0.0352941176470588	3	0.020936372352074	0.0136749217236171	0.014463759714088	0.116839492197005	0	10.2117865790956	14.0157976919496	0	0	0.0568744839037616	0	FAIL	0.0470588235294118	0.0132252689747763
Dhieb	BWFD-IRLS	FAIL	0.261363636363636	23	0.0180038765240219	0.00934534325626857	0.00924534637956025	0.0447471072112858	0	4.34448327771014	11.6807876963708	1	1	0.0284402232021137	0	FAIL	0.272727272727273	0.00911543318119764
Dhieb	SG-IRLS	FAIL	0.258823529411765	22	0.0189054703583899	0.00926982133993037	0.00857347131461037	0.0453215165796121	0	4.38982241627354	8.91200633127916	0	0	0.0294828500901533	0	FAIL	0.235294117647059	0.00921413284129803
Hickman_PLAC	BWFD-OLS	FAIL	0.816155988857939	293	0.00375571984997577	0.00917435716349397	0.0127569868032112	0.0178232258716432	0.385665529010239	1.22813286404725	2.72655767990586	1	1	0.0114243559615151	0	FAIL	0.816155988857939	0.00950200913464458
Hickman_PLAC	SG-OLS	FAIL	0.832869080779944	299	0.00366603625856711	0.00955923282174338	0.012586955607222	0.0172485714987262	0.394648829431438	1.2587910061919	2.71418663157526	2	1	0.0118371237355456	0	FAIL	0.83008356545961	0.00944658998274539
Hickman_PLAC	BWFD-LMLS	FAIL	0.841225626740947	302	0.00412845222419461	0.0114200791384447	0.0141270586896481	0.0237138523023907	0.298013245033113	1.2247067196693	3.87402969044334	3	3	0.0245348680668124	0	FAIL	0.844011142061281	0.0114408461538859
Hickman_PLAC	SG-LMLS	FAIL	0.846368715083799	303	0.00396699456431441	0.0118368553760355	0.0140999321517502	0.0228835088025503	0.3003300330033	1.27839842353374	3.566793191065	2	3	0.0226695119063445	0	FAIL	0.849162011173184	0.0119595105181486
Hickman_PLAC	BWFD-IRLS	CONDITIONAL	0.93854748603352	336	0.00406862302300592	0.0106654499726492	0.0119918249728216	0.0150380884386066	0.410714285714286	1.18466529426734	2.00728598663683	0	0	0.0132007138332906	0	CONDITIONAL	0.946927374301676	0.0111303872872697
Hickman_PLAC	SG-IRLS	CONDITIONAL	0.943820224719101	337	0.00404765963856771	0.0104992012339839	0.0112336830440542	0.0142746703937841	0.397626112759644	1.20526144298888	2.02332717877549	1	2	0.0129406134730129	0	CONDITIONAL	0.946629213483146	0.0105538840141359
Hickman_HALO	BWFD-OLS	FAIL	0.775147928994083	262	0.00375571984997577	0.0140984838904292	0.0176609834081367	0.0264233520408697	0.270992366412214	1.30785114230215	2.99368381200327	2	4	0.0240945014826504	0	FAIL	0.772189349112426	0.0141446517807205
Hickman_HALO	SG-OLS	FAIL	0.781065088757396	264	0.00366603625856711	0.0141121266703421	0.0177238064568756	0.0264396641242636	0.28030303030303	1.36000235123751	3.16829483212463	4	4	0.0246024536961507	0	FAIL	0.769230769230769	0.0138245322657569
Hickman_HALO	BWFD-LMLS	FAIL	0.78698224852071	266	0.00412845222419461	0.014973432882018	0.0156226505259999	0.0323185026398814	0.225563909774436	1.40587104126642	4.71481543765931	1	3	0.0332576549316268	0	FAIL	0.781065088757396	0.0135935536609832
Hickman_HALO	SG-LMLS	FAIL	0.781065088757396	264	0.00396699456431441	0.0148322550403272	0.0157616826646087	0.0314298852082617	0.231060606060606	1.36458152870649	4.37603327660715	2	7	0.0307558788810801	0	FAIL	0.77810650887574	0.0142245855596426
Hickman_HALO	BWFD-IRLS	FAIL	0.863501483679525	291	0.00406862302300592	0.0130243463126485	0.0138190848257589	0.0216469135855599	0.336769759450172	1.23029561925994	2.56019539725582	0	0	0.0175517160614721	0	FAIL	0.863501483679525	0.0135915087367543
Hickman_HALO	SG-IRLS	FAIL	0.869822485207101	294	0.00404765963856771	0.0133820835719167	0.0135136751464357	0.0208781637975909	0.336734693877551	1.25385921510898	2.79147950761773	1	2	0.0172953280434483	0	FAIL	0.869822485207101	0.0140011409499671
Fraser	BWFD-OLS	PASS	0.95581477553906	2704	0.00304826851088201	0.0228199119086763	0.023580849412138	0.0480847373549877	0.0458579881656805	2.05951238182976	3.52108591991435	20	34	0.0497718329669107	0	PASS	0.95722870272181	0.0229947067208158
Fraser	SG-OLS	PASS	0.956168257334747	2705	0.00311580780156232	0.0230174072094244	0.0235503280400569	0.0481570428069272	0.0465804066543438	2.08457134857617	3.4847839598929	17	26	0.0493426056215017	0	PASS	0.95581477553906	0.0230203496319009
Fraser	BWFD-LMLS	FAIL	0.857900318133616	2427	0.00362906288793062	0.0191028968250934	0.0194908955886377	0.0647046795972672	0.0259579728059332	3.59181500744992	6.40636578630667	57	79	0.0644395249166495	0	FAIL	0.858960763520679	0.0192180541731589
Fraser	SG-LMLS	FAIL	0.850777934936351	2406	0.00391827980564532	0.0194247194909535	0.0198379591430771	0.0632264570953954	0.0162094763092269	3.56077630368124	6.42393203881095	53	75	0.064752563410174	0	FAIL	0.8504243281471	0.0193442395695839
Fraser	BWFD-IRLS	PASS	0.952110677545229	2684	0.00325166468027421	0.027725536962803	0.027454773137954	0.0566327662287638	0.0495529061102832	1.73476475266087	4.3762801580951	56	79	0.0605920742144166	0	PASS	0.951755941823342	0.0277134439857999
Fraser	SG-IRLS	PASS	0.950053134962806	2682	0.00320338244162241	0.0278783939473246	0.0276859682825526	0.0560968886771874	0.0503355704697987	1.73047647868098	4.17333224845506	49	72	0.0609558082543847	0	PASS	0.952178533475027	0.0276573794596017
